01111111000000110110000101011101
10000001000011101110001010010110
00110100001011000110111110111010
11111000011010011110000111111101
11101001010110101011000110010111
01110111010010101111010000000000
10011011000110100100101000001100
01011000100100100100101001001110
10100000011100111001001110010101
00000001011111101001001110011011
01001110101000011010101001111110
01100000000101100011100010100000
10010111010111101010111000011000
10101011100110011010010001101110
01111110110000010111101010010110
11100110010111110110111001000001
01001010111000011110011110100110
10000110111001000000111100100010
01111111010100001111111110101101
00100000111110100111011000011011
10001100010111011000011101011011
11011111010111101000010001010000
11111011000110100010001011100100
10101110110111111010110000010011
11101000010110100100100100100011
00101000110011100100011101001000
01000001101010000010111101101000
11100101111010110100111101101000
10010010100100000100110101000001
11110000010110101100110010001000
00100110110001011001011101101100
10100100111100010011111111100010
10001010111010010000011101011010
11001000011001100000100110111001
10110010111110000011000001001110
01011100101100110001111110010010
01100101111110110110000001010010
10101110100110110111111011011100
01001001001001010000100011101111
11001000001010011111110010010100
10011011100101101011010111101011
01100100101000000110011100011110
00111001001111000011111000110111
01100010000000101100101011001001
10110001001101000010011010111000
00110111111111110011001001110100
10000101101111011111111000011000
01100001011010101010110111001100
00001101100101110100010100001111
01101110101010111010110011010011
10111000110101110000111000101111
00010010101111000101001010001110
01100100011100101001000110001111
11100000011111000010001111001010
10101101111101011111011011011111
00100111111011101111010001000000
11001011101111010100101100011110
01010110101001111010000100001011
01001110000101010000011111111010
10100110101011000101111100110111
11010100001100001011101010101011
01001111101011111110000000010101
10011101001100010101010111110010
11100001101001011010010001001110
11011100000100100000011011110000
00011001010001111110110101101111
10011011111001101000010111101111
10000000100101001111011100011010
00100010001011000110111101101010
01000101111101101000000100110001
10011110101110000001111101101110
10001011011101110110100101010011
00011010100101100010100111010110
01011110001010100101110101000001
11111010100011011001110100111011
01011001001110011101101000011001
00010100101110000100010110100110
00010100101100001010101100001010
01011101111101000100000001000101
00010110011110101100000011101111
01110011011100000000010101110000
00010110011101010011101111010000
11101011010111000101100101000011
01111110110011010011110100111010
11110111100000110011101001110010
11001000111101011010010011100000
10011101101101010100110100111101
11010111110101100010001100001111
00100010000000001000000011100100
00000100011010010100100011110110
11011001110111100000000000001010
01000100010010011001011010101110
00100100101101101100100111010011
00001001010000111001000101011000
11000100101000111111101101000001
10101011001111100010001011011001
00111000100010010110011001100101
10111110100001100011111100011101
11100011110010100010110101011011
00011010010011000100001011000101
10111111001111100011010000110101
10000000110000001101100010101101
11001011011101000011100011110011
01011101100001111101001010111111
00110001010100011100010011110101
00110011101001010100010101010111
00000110100101001111010111011010
10010000111011101111111111111010
11011011010110100000001001100011
10001100100101101001000100101001
01110001100100100001000111000001
01111101111001001100011000100011
00001111100011000111011110100001
01101000100100101000100101011000
11111001101010011100000110101010
01001110110111000100110010110000
00011000001101010111001011110000
01010001000100000011111011000011
11000011100011011100111011011000
01011010111111100111000101101110
00011111000101100010000110011111
01110100011001101000100010110110
00101101110010110100101111111111
10100001000100100000000100110100
00011010010010111000010001010111
11001110001110000110000000000011
01011110110100111010000111000100
11110101001001101101010110111110
10011100010110100111110100010100
10010101111100101011011100111001
11001001011110101001011011101000
11110101010110011111000110011010
00101101101110000001010010110100
11010000111000111110101110010001
01000110101000101011101000010100
11100001100101101000111000001000
11000101110000101010011100101101
10110101101010000111001001010101
11100000010010011110101110101001
01000111111001000001111111001101
11110100000110111100110110000110
11000001001001100010000111100011
00000001100010001010100111011111
11000000010100100001100100111110
00011111001011011011011010010010
10101000100011101000011011100010
11011010101110000000101101101111
01110011001100001111111110010111
00011010011101110111100010111011
01000000011000010100000000011000
10110111010101011110101010110011
01110110011011101001000010101100
00000101111010110001111000110011
01010100011100110001011100011101
10100100111111100101011001110110
10100000101001101111011110001000
00100110100011100000010101000110
01111111000000011001001011111100
00010000010100011000000011111101
01110000011101010011101100001010
10100111110011010100010100101111
10110100100000111111101010110010
00000101110111100101100011001101
10011010100001010101001110001001
00110101001011000000011000011010
11101111001101110001101100001001
10111011010101100000001110100000
01111100011111111111000111000111
01011111011100010111111011100111
01101001100000111011001010001010
00101100001111011100001101000000
11111011101100010101001000111000
01001101111101001000000010111111
11101011110000000100101010111111
01001111111010001110011011110100
01010010011001001000000000011100
01001010100110000111001100101100
10111110001100110101110011000111
11100101101100000000100001100000
11100001100100111110110000010100
11111111111001101101100110001101
11100000000001110111110100101000
11000011010110000000011000101101
11101001111101110011011011001000
11100010100110111000011000011100
01001000101110110100011101000001
10011110001010011001100101011110
00011011000100001001100111000000
00011001111100110001011100001010
00100100011011000001110000001111
11100110001001000110101111101100
00011000101010100110100101110000
10010110011100010010001001000100
11001001111111110100011010110101
01110110011010110101111111001101
10000100111110010010100010110101
00000111110000000010100101100110
00001100110110101001110110110000
00100110001000100100001010011010
10111101101110110111110110101011
10100011111101100100001110011010
01010001110110010010111111001101
01010101000010100111101110010100
10110110001110000001101111110111
10010001000110001011101101010101
01111010011001100010111111000000
11111011101000101011001101100010
11001101000111000010011110000100
00000001110100011000000100011010
00010110010100111110110010111101
00000001011110001111111111010000
11111100101010010101001111011100
11110000110001100000111011010100
10110100101110100010111110111001
10011011010001000110110111110101
01111011101010010111110110110101
11101000010111101001010010101011
00111111110101000000111100010111
01111100011010100100001001100001
01110100011000000100111111011001
01101101001011111000101000000011
00100110110001001100110100011000
11100001101010010001101010000111
10110111010100110011101100011111
00001010100000100111100111010011
11001011100000001000001010001100
00001110100101100001111101001100
01011100101110111100010111010000
11111001010101111110011011111011
00000111111010000010001011011110
10001010011011100100111000011101
10100111101100111011010111000110
10001101000001000010000100011110
10000001010111100000011101010110
00001111110010111111001101100010
01110101001000110011000010011010
10011011011100101110001110110011
10110011001110101011011000011011
01001110110011111001001110000100
10010000010010101110011010000100
10101000011011010010001111110010
10001010101100010101000100101000
00111110000101101101110001100100
01110001100011101010001010111011
00011000001101101111100100110110
11011001011100011101001110010111
10101001011111101110010000001011
10101000100010011010110100010101
11010110001100011011001101111111
11110110001100001111111011011000
00100000010001111101010011010101
01011110110100011011010000100010
10111001111100000001101100010000
01011010011011010100110101000110
00001001100110000010110011110100
11011110000010001111011100100000
01000000000100001111000000111101
01011100011011011010111011010110
00100000101100100110001110000011
01111011000001111010100101001011
10011101111010010001101001100100
00111001001001110111000000111111
11011000100101001001010011011111
10111011010101100110111011011111
11011001001011110010111001000001
11011001101110000100110000111011
10110011010001111100111101000111
10111111011010001011001110001010
01001100000111110101100011100111
10000100101110100011010011001001
01100000110001100100101110110101
10100001000011101100010100101011
11101110011111011011011011100100
10000110001111101101001101101001
10101100011101011011110110101110
10100011101111001000100011101111
10110111001101010001011100001111
00011110111011000000101011100010
01101010001111100001101000110100
11010100111101110000001100110001
11101101000100010111010100111011
10110001101010001100000100100010
00000100010010100110001110000110
11111100011011101010011010111100
00011000100001110110001111101000
00101110111110000011000101110011
01101010101100101010100111010100
11111000010001000111001010011101
01011100011010001100100111110101
00011100010111000001010110100001
11011000001001001011111000110101
10111000111111101001010110111000
00010010101000110000101110011000
01110001100000100011111010000101
10111011100000110110010100010010
10101110111101101001101011011110
00110100011000000111010001001000
00100000001100000000010001010101
01001011110111010100111111101100
10100011101000100000001110001010
01001001000101001010011100000001
11110000100011101001010000001111
00001111110101010101110110101110
11011010001100100100000001101110
10001000000101110110110010001011
01110110110011100001101011111000
01011011010100101001001011101111
10000001000011110111010001010000
00111111111100000110101011010101
10111000101000011100011111101101
11110000001011100110111000011101
00100010110010101110110000101011
01111011101100100111011001100001
10011011010010111001001011111001
00100000101100010110001100101111
10100101110110000111011000100110
10000101110111010110001011101010
10111100010101111000011100101100
10111000001100001100111110101001
11010101111100110001110001100110
11110100011111000011001001111011
00110010010101100111101010101010
10101011000001000000101001011111
11100000000111010001001111011110
00001001100110101001110010010001
01001110000010110100111101011001
11110101101001001100011000110001
01101100010111011000100100101000
01110010011010111011011001111010
10000110100100111011001010000001
11110000100000011101110110111100
01110110010101100011000110010101
01100101000010001001111100101100
01110000000110000100111001001101
10001001000101111111100000101100
01100111101111001110110111110100
00101100000001101101101101011001
00011111100111000000100001111011
10001101100100000001010001111000
11001001010111111101100011010011
10001100100000011010010001011001
01000100000001011000000110110001
10110110000011100110110111011100
00010101000001000001000010000001
11111110010000100011000110111111
10011011001111000100111010000000
11010101111101100001110010101000
11110100011100100011001011001111
11110011011000101110011111001000
01110011101010110001010010010111
11100001111000000111000001011010
01000111001000100000001000101101
10001111001010101111011111111111
00100001000110011000011110111000
10111110000001100111001010011101
01010111100111010101100001001100
10101101010000010000000001000100
00100000110010001110110010011101
11010101111000100001111011101010
10001111110110101110000101111100
01100011001100110101101100001110
10000100010110111100000000111110
11000101011000100100000101101000
00000001101011011110111110011100
11010010000110011001101100001011
00111101000101111100110011001011
00010111011011100110110100110110
01000110000111111111101111011101
01011010001000110011100100100110
11110100001011001001111000010111
00110111000101011110100101110110
11100101101001111001111110010000
01111000011000011001001001101001
00010001011111100001110110001100
11001110110110110011110110000110
00111010000111101011010011011111
10011011100100110101000011100001
10101100011000001101010111000111
11000101101010001010011101011110
10000110000010110101010110101111
11011101110011110010110010111111
00001000011101100011100101010011
11010011000000101110011001001101
11001101000001110111010010010111
10000111100101101111010100010110
10100111010101011101111101011001
11010001011010010001001110111000
11011011010001001010110101010111
00101011010100100111001110111011
10000111110000000100110011011000
01001111011001000101101011101100
01110010001001101100010110011100
10111100101101110001110011001000
00101000110111110100111111100101
11010100111010000001111101111010
11000110001010100110011101010011
11101111101010100000000010001100
00011111101000011010010000100110
11111100011010101001110011010101
11010100101011001000101111111110
10100100000101111010010000110000
11111111010100110010001001110100
10010000101000011001011101010100
01010100100110010001110001010111
00000000110011011000111110110011
01100111111011111011111000101000
10011010100000110111101010111000
10011100011001101111100001110100
00010011000001111000000000010000
01100001000100110101010111001110
00001011010000101111100101101111
10010110111000010000001001110000
00101010111110101001100100100001
01010000011010100001010010010010
11000101101101001100110100100011
11100100001011011000100000011100
01110010111001111001110001101000
11011010101000001101110000100001
01010000010101100111111100111110
10011100011111011100000011101101
00101110001110101000010010011011
00011110011010111010010100000101
11010001010000110001100100110011
10111011110011101011011111111110
00001100111100011000011010101011
10110010001010010110111110100110
11001110110100000101001101001001
00110010000100000011110010000000
10000111101001010010111111110101
00100101011011001000000000110110
00011001110000011000100011101000
11010100001111010010001010100000
01110011011101010011100000111000
01100001001110011100010001111000
11101111100101110010010111100011
11101110111000001001100001101000
10000101100100010001110011100011
01010100110010110000001000001010
10001010101001101111110101000111
11100010101011110010110100011000
10100100010001101101110110010011
00011000001101001100001010101001
00110101101000001000000011001011
11000110101010010111010101101100
10110110100000101101111111100000
11111111001110100111100110111010
10101111101101001000100101100011
01011110000011110110101110100001
01001110101101011110101000100010
11001110011000110011111010010010
10100011001011001011110011101110
10001110001110010100101000010100
00111000111110100110101101111011
11001000101110100010100000100100
10000010101100011110000111100101
01001000001101010011100010101010
11100000000110101010101101101110
10011000000110010100000111000111
00001101100111010111010010110010
01100011111111111101100001010011
00010110100101001100011000000011
01111110100111101110011001101010
11101101110110100111001111001011
10101100101000011000111000000110
01010010010100101011011111100010
10011111101011000100000011010001
01010010100101010001000010000010
10001100000001111110010000000011
00110011111111111100110110011011
11111010000101010000011010010100
10100100101011111100110110111111
00100001110100001101011001110011
01111000100111101011000010111111
11001000010111000110000100111101
01001001011000111110111001010110
01011010110111111001010111110011
01111010100110000110101001010100
10011101111001000111000010000101
00001100000101000101001100011001
11010101101011010111100101000011
01011101011011011011100011001101
11111010011001101001000111100010
00011010101001011111110111111001
11000100110100111000001110011001
11001110110110010011001010000001
11001011001101100101111011011110
00101101010001100111111010010000
10001011000111011111110100101011
01011000101010000110010111011010
01001010110101000011101000001110
01110111111101011101110011001000
10101110110100100000111001101100
10000100011010100001001010110011
00010011011100111000110101000111
10001011010001101001010111011011
00110101001111001110011000111011
10000000011000110111011001110101
11100111110010100110000110100101
01100010110110000001001111010100
01101000111001111101010100110000
01001010110110001100111010010111
00111001000110011001100010011001
11111101001011011100111010100100
01111010101010110001010111001111
11101101011100011000111010100011
01111111110001100010000110000101
11011100100110100100101101010011
11010110110100101010111101000101
00000000111101011111100100101111
11101000011111001001001010001100
10011110001010011100011100000010
01000010100000101000000000111101
10101110100000000110010000011111
00100110001001110001110011000100
10000110000010110000010000111000
00000101010010100111000011100010
01011011000111001101101000000101
00111000001111000000010100011101
01111011100011110000110100010110
11010100100111111101010000010110
11111110111101100111100011100111
00001011000101111111101100000010
10000010001000001010011111010111
01110111000000001111101110000010
00100001100101100001110101010111
11001010000001100011001110000011
11111001110001111111101001110001
10011100111101011110001111000011
10010111011110010111011010011000
00011100100100010101101000111000
00000100001001010000011010000101
10101001010100011000001010001110
10110001111111010000001000011011
00110001101100110010111101101100
00010111001001000011111101010000
10111011100010110000001011001011
00100111101011011101011011110011
10010001111001110110110100010110
00110011001011101001111000111100
01001000111100011011000111000010
11000101000110000010100010111001
00101011010010001010110000101100
00010001110000100101011101101100
01100000000011101100011100010111
00000001010001000001011000111101
10100001010000010111010000011010
10111100101101110001101110110100
00100011010101010101111101011010
10011010100010001010100110110000
10011110001101111111010010111110
00010010001000110010011101101100
11001001101100010011111011111100
11000101011101110101000110100000
11100100101111101101101010101101
11010011100110000010111010011100
00010010011111101010101010101011
11011000000111001111011110110100
11001100010110010000101001101110
10011111100111001101000111001001
01100001001101111101111001000010
01011011000100011001110001101000
00110100001010110100011100011000
11111111100001000110110101010110
10111100010011101001101101000111
01100101001101110001010001011110
01010101100101010011000101011110
00000101110010010011010111000110
10111111101100100011011001100001
11001111000100101100011011010110
00110000000011010111011101001000
01011011010001000001010101111111
00111111000100011011011001111101
11010000011101110011110101111101
01010111001101001011011110110000
11010000011010101110110101111001
10001100010010000000110010000000
11100000100000010010100101101110
10101000011100101101010010110101
10110011101000100010000000111011
11001110010100110011101111010011
00010100100010000111100101001010
00000100110110110011001101001001
00000101011100001001100111111001
01100001101001101000011110110111
01000111100101011000110000001111
10010010100111110101110000001011
01011000100011111000011010110001
11000110011000000011010101110000
11011101010001011000001111101101
10011101010101101010010000010101
10110010100001101001000111101000
10101110100000101100110111011111
01011011001010110011011011001100
10100011000111010101101001101000
11101100111111011111011110000011
10011111011011010101001111100110
01001110000000000010100010010101
10100101000011111011011101111011
11101101100000110011111111101000
11101110100011110110101011100101
11001100001101111001011110100000
00011001100000100100011110001110
10101011000111110010110010001010
00010010000011011111011101011100
00101111000010100110100111011011
11010101011001001011010110100100
11110001011110110010110001000100
10010110001111000001011101101001
11110001000111010110011011110001
01101010011001111000110010110000
10110101000110111000111100011001
10101100000000010001010000000000
10110110110111111100101101110101
11010101110110110001110110100010
10000011111010011101010010101000
01011000011000000111001100110011
10000111100101101101111010100001
11010011001100000111010110101111
11110111000011001000000101110000
01001110011000011010100100010110
00110011001101100110010101100001
11101001011100010111001000000001
01111110101001011110100100000111
01100100001000010111110110111111
00001011000010000111000111010000
01000101001100100011100110011000
11111101000101110100110100001011
01111110000101010100010000011101
11000010011011111110000111010101
00011011010001001110000110001001
01000110100100000110001111101110
01001010010000001101000111110000
11100111000011000110111010111010
00001110100100000111111100111111
00111010111100010101100111111111
10001101100101011110001110100000
00010000101110000011010101001010
10000010101000000100001010101000
01111010110011000010100000101100
11101110010101110111010000100010
11110000011111101001111110100001
01101011111000001111010011110100
11101101010100011001111111000110
00000000001011101111001100111101
01101001110001011010100000101110
01100111000000110101100000100011
11010001000111011010010011000110
00011101001011010111100100111010
00000000001101100100100111111110
00111100111100101110000010000111
10111100110111001110000000011100
10000110101011110111000010001100
00000011101100010001100101110100
00010001110100001101001000011011
01101101100001100010111110111100
00101101001001011010010111010101
00111011101001010101010110011101
01101000001101000111010011010101
00100110010101001100011110110010
11101000100001001110000100111000
10000111000100110000000100001001
01010111010111101000010011101110
00101100110011001101100010100011
10000010001111000111100111100111
00000111001110110110111111110011
01011111011110001010100001110000
11110001010101111000001011101011
01011110000001100011100100010110
10010111011100000000011110010101
01100011101111011101011001111001
11101010010000011110001100100000
10100011110101001100101111101011
10011011010111110100001000111110
10100110010111110001000100010100
11000101010111010100101010011101
01010011111111011010001101000100
11111100011110100110000111111100
11000000110010110110111001010101
11001010110001001001100010111111
01100110011111111000001111000101
11011010001101000010111111001000
10101011011010110000101110111011
10010001101110010100011111111100
00110101111001111111001011000101
11101110101101101101100000110011
01011100110000010010100001011000
11100111001010010011010001101011
10100111111001111111100000101000
10110010011010110011101011101111
11111101111111110001001010001111
01110111001111100001010001000010
11110011111001001000111100111001
01111111001011111110010101010001
01110011011010001011010111100000
11011101011100010100111110101110
01001110110110111000110011011101
01111110110010000000001001010011
10101100110110111011000111110111
11111000001011010011010001001100
01001011101011010000110101001111
10101001101101010010100111111001
01101100010011110101001001010101
10110101111000000101101110100100
01111111111100111000011101101011
00110100000010100100011010011011
11100101001111001001001110110111
11100011001000100001100001010000
00011010010110001011001101001000
10011100000001100011101011100000
10001100001011010000001001010101
00101011011101100101001101110100
01110101110011000001111111011001
11000011100001001010000001000110
10111101000100011101011101101010
01011010001101111101100110101110
01100011100101100011011101111011
11011111111100001001101010001101
10010110101101001000111101100001
10101000000010101111100000010100
11010100100110100010100101011000
00000110000011111010000000010111
00101001000111110000111010100011
10010100001101110101000001001101
10011001000101000110000010000110
01101101011010110100100010110100
01111011101010011111100100010010
10100011010101010001011011001110
01110000110100010110000101110001
01001010000001100100001100111011
11000100000010111001000111111010
10011010110000110101010001110011
00100001010010101010111000101111
01010001010001000101101100101110
11001101000000001000101111011100
11110000100110101001101110101001
01100000100100110001101011000111
10100101110101001111101011011010
10001000101111000111110001101111
01001011010101000111010001010011
11000100001001001000111011110000
11101101100110100110110111111110
00011101110111100100100000011101
01100011010010011110110010011001
11111010111011010101001101101111
01010010011101011010001010101101
10110101110010111100001001000110
10101011111110111100111000101000
01000101000001001000101101010000
10111100010111011001101111111010
01000101100101110010110101001001
01011000100101101000010011000000
01000010011001000111001100000100
01000001110000010010010011011100
11011100011101100010100111111110
11011100000111000110111100110000
11110001101011011001011010011000
01101101000000000101010001101100
00110111001110001001011110100001
11010101010010111001001010111111
10110000100011010111110001011101
10010110111011000001000011010011
11010010100000111111111010000111
10001011101111100101010001101011
11110010010011000001100100100111
00100011011010000101110100111011
00011100100001001011111100010100
11011000001000010100000000011001
10111000101100111100111110000001
00110011101010001011010100110011
10101101011000111100100000100101
11010100110011010101111111000010
01100011011001111010011110101000
00111110100010000100010111001000
11100000001011010000100001100111
00011101010110111111100010010100
00010000100110011011011100111010
00101100001001010110100010110100
10001000111011000010110111111001
01101110100110100011101110001001
01111111110101101010111011100101
11000011101101101111000100010101
00100001000110100000111101100011
11000100110000100110010000000000
10001100100001010110110111101110
11011111111111100110001001101101
10110101101100100110111110011010
11110011001011011100100011010010
10001100100000101111010110011111
10010101110011001000100011010101
00100000110000001000100000101000
01110011100101111111100100000001
10001111111111001001111111011001
01011101010000011101111000110001
01100100000111001000001111100000
01011100111110010010011110110001
11111101111111101110001000011101
01101001001000100011101011111100
10111101010001110111101101010011
11111000010110010001011111001010
11110110000001111100110011010011
00011111011111011011100010000100
10100011110100101111100010010001
01001101000111010001110011011001
11000011010100010001110011000111
10011011110111111111000111100110
10111001110110100110111111110001
00111101101100100010010111011111
01111111110110101001100100111000
01110111101011011010101001100000
10111100101000101101001011001110
00100010011101010010101001111101
01001010010000001111011100100110
01010010100010000010100010110011
01101010110000100000111010101001
11100100001110100100011000110110
00110100000011010000010101001010
10111010001010000100011001011110
10100100111110101001111101000010
00000011111110100100011011100110
11000010000011011110111001100010
01000000001010000000000101001010
01011001011011111110100010101111
11010100011100110001100100100001
01001001011011111000110111011010
10000101100110111111101001011101
11110000111100111110000000011110
00101000111110010000010000111111
00001001101000001011111101100100
10100110000111100111000100011101
11101001111001100110101110010100
01100001110001011010010001000101
11100010111110000100110001101101
00100000110110101011110101000111
11001010110001011010100000010011
10001100111110011010110010111101
11111001011100100000000100011101
01011101010001100111100111001101
11001000010000001011000001100001
11001101101001111001110001111110
10111110110001000000000111010111
01111111100100101000001101101111
01010010101101101010110101010001
10101110100111001000001101111000
01010010111001001001011011011101
01110000111111100001101010110001
10001001101111110001001010110111
11100010001001001011000000111000
01010111111000011100110011000011
11101001110100110010100000000110
10111111000100100100010000010000
00011001110000101010111011000011
01110110111011010001011110111011
10101111100100011001110111001000
00001110100100111010000010110111
10001101101001000000100110000010
11111111011010111100111000100001
00000011000101001010111000011001
11001010000110000110011011101100
00010101111110001111001110010011
10100110001000011110110000010001
10110001011000110010001011001100
10001001010100110100010110011101
01101010101000110001001000001100
11001010001001111101010011100011
01111001011011001111000100110110
10101001011001000111000100010001
00100110111110110010001011111001
10100011101100101000000010011111
11010000110011011101110101100101
11011010111110000111001111010011
00000010000111100001011000011001
10101100100010000011100111110101
01010110100110001101001100100111
01010100010001010001000111110110
10010000010100010001111011000100
01011001001100011100011010110101
11111011000000010011100110010011
11111010111011010100010001011001
00100011111111110110101000000111
10100001010001101001011111000110
01101000000000101110001010010100
00101100001010110011001101100100
00110110111100011011101111011101
10110001010111101111101010100101
11000010101101100011000100011101
00010101101110100000111000111100
00000010000100010100110001101101
10000111100010000011000100111010
10111111111001001011110100001000
11100011011011110000000100010110
00010101101110000110010111011010
00111011110001111110010001010001
01110001000111011100110000010100
01001011111101010110101111000110
00110001011000001100111111100110
00110010111000100111000100101110
10100101011110110001111000101001
00101011000001100110110001100101
01000110010011011000000011001010
11000101111101100000110001110111
01111011101000110100001010000111
10110110000001100011101100111111
10110010000011001101110010001000
00010001110001110111110100011001
10101111010100101101110000101010
11110011110001001110110110110011
01010000011101101101110011111101
00111110011010000011000000000110
11010101011100100111101111110011
00011110001001000000100001001011
10111011100110000001000001110000
10000000101111110100110011001001
10000100001010010101000111010100
10111101000110000010101110001111
00101011111011101100011100001100
00011001000110101101001101000000
10111001000000001000001011110010
01111100111011100101100001111000
11011110111001110100011111101100
00111001111111111100010011010001
01111001111100110110000101010101
10011011101111111100000011101101
00011110100011000100010101110100
10010111001101111010101100110010
11111110011110101000110111011110
10100011111000100001101110100110
00000010101110011001001111101000
11101111001011110110001000011011
00000000110000101101100111110000
01111101100111101001001111110111
00010011011110100111010011000100
11011010010110000010010000110101
10010111001001001011111010011011
10101100000110011011011000001010
10100010010100111000101010001110
01011101001011100011110111011010
00010011101110011101110100001111
01000011011011010001111001000010
00010100101110111111101001000010
10101100010100100000110010110111
11101101110110010010001111010010
01001111101100000111110110101010
10100111101001110101111110001011
01110101011000010000011100001001
11100010011111010001001110001101
11110000010100111100011110111000
01101101110101111111000100011010
11010101011101000111101010101010
00110001111000010001111010010111
01001011010110100001010001000110
10100011000101001110111110110101
00110110001111101100110000111000
00101111001111001110000111110101
01001101011010011010101111100000
01101110110000101011111101101011
01011100000001100000000000011110
00010011101110000000110111101111
10010100100001011001111111110100
11101101010100001011110101110110
01010100100101100101101001000101
00000001000100100010000010010111
10110010001000011011001101010111
10000011110000111000001010010101
10101000010001000101111100110100
10001111111101010101000111011110
11001001000111100011001000001010
10001101100011100001111100100110
10101100011101010010111011000100
11110000100000101100000010110011
10011101010001100011000111110010
11100001111011000111010000000010
11000111010010010111011110101011
01110000010101100100111010000100
10111010010111100010110101100101
10101100100110100001001001010000
00010100001010011110110101101000
00100001101111101101111100100011
11001100011111111101100101110010
10110010110100101110111001010101
01000000010011100110111100011110
01100111001100111001111110010101
10111010010001001110000000100000
10100101010010010110100111000010
10011110001110011000010100001010
00111101001011011101111110000001
01000000011100001001100100101011
00000000010110011001001010011110
00111010111000000001111100010011
01000011010000100111010110011111
01001100110101011001101110110110
00110100111101111101011100011110
00010010101011000101000011100010
10010111000111011100011011001011
00100001011101010100001111000001
01110101101101101010000000001110
00111011010001001010001010000011
01100101111010010101011100101110
00101000001001001100100000001100
00111011111111000101000110100000
01111001000110111110001101000101
