00011010110011000010110000000110
01011111001110011001111010011001
01110100111001110111000010101000
11000110110101010100011100011001
00100010100000010011010011011000
01100100010100001011110100101101
11101111001001010100101011100110
01100001010001111100100100100010
10101110001100111001110010100001
10000110100011000001100011101001
01111101101010000000100110110000
01011110110011000110111100000001
10101001001111110010010011011101
01010101000110110111010001000101
11100011101010010010001100101100
10100001111111001110011001001010
01010010100100001110101101100010
11101000000101101000111000101111
01110111001000111011011100110010
01110011111010110101110101111111
10100011011010001010010100011000
11111010111011000111100001100110
10100010011000100011001001100110
01001010010001110000001000000011
00101101111001100111100011011111
10000010011000001100110001110011
00110110110100011111011000101000
11101101000110100111111010011000
10100110101011110010011001000111
00111100110100101010101000111101
11110110010011010110101101111100
01001100100000000110000100110110
00010111100010011101010100011110
11110011100110101111000001100100
10100001111001000101001001001100
01001001100010011110101010010100
00100011001110110100000010111011
00011110011110010101001011100010
00100100001001011000011111001111
01000111000001110111110100010111
11001111100001011011100100001101
01110011101001110000000000100011
10111001110010000110000001010110
01110010001100100100010100010110
10100001110110111100011111011111
11001110110110100100000110101111
00011111111000000100011110100110
10011001011100111001110111101100
10110110100000000111100110001101
10101101011111111010110011010111
11000010100000010100100010101101
11010111010000100110111100100000
10100110100100101101010100000011
11110010110100101011000001010001
10101110101110111011010011100110
11111001010100000100001111011111
11001000111100111001111110000000
11000110000101110011110001010000
00011001100100011101110010111101
11100110010010010100000111110111
10110100101100011011101110100011
10101111001010010111000111001011
00011010110011011100100011101010
10100111001101100010110010110000
01110101101100110101101001000000
10101000000011101101010001001011
11000001111100111010001100000111
10010101000011101110101101000000
10001110111011010111101101011100
11100010111001010011101001001001
01110100011110001110001110111011
10111010010100011011100101000100
00100110010010110011010011000000
11011110110000010110000111111011
00111111100100111101110000101001
10111111111110100110010010010100
00111100101010011111011110111110
10000010001100001100111001110101
00101110000100101001010010111011
00100000101111110011100010011001
10010110011111110001001001000000
11111111111001011110101011101101
10100110010010011011001111101010
11001010100101010011001101111100
00010110100101011001110000111100
10111011101011110010001000110000
01001000110011001110010001111011
11100111000101100110001110111101
00111011010010001001111010111100
10100100001010000101111000110100
01010001111001111001111100101000
11011100101110100011111011101100
11100011101011100101001011000101
11010011011100010001100100111111
10000111110010001111111011000001
00101101000110001000000111001011
10101100100111000110111011001000
01010110100011111101001100110011
01101011001011000011000101011001
10011011110101010011111010101111
00111011111111110000010110011000
00111010000100111100111011110011
00001001010111001010001100110100
01001010111111001001101011101011
10110111110101101110111000000000
10011011000010101101110111010111
00011011010011000110000010001010
01001000111110000111100001000101
10001110110110110011000010011010
01100000011011000011100110000011
01111010110010100101111101000100
11001010000001010000111010011011
00100000101111011000001010111001
00110101110100101101101000101001
11100100010100011000011011001010
01000011111100001100000000111000
10010111101000101111100110110001
11111000010101011011101110100101
01111110000001011011111001100011
10011011100111110011101011010011
01010111000110100010110101000011
00110011101010110101100110100110
00000101100010110111110001110000
10111011110110110010000100100100
10001000011101110110000101101010
11010110110010011111011111001011
01110110011000100111010001110010
00010001110011101101100000001010
01101111111001001010001000000000
00000010000000010000101110001001
10111011001101111011111101110101
01111111110011001010010010010100
01100101011001100100101110101111
10000111110100010001001011011011
01001001100000001001001101000101
00111001101100001000000001101001
00010001100111110010110111011100
00001110111111010001100111010000
00111011101110111000101101110101
10101110011100001000110101000011
00001110100110110011100010001101
11011110000110100011010011001000
01110001010010100010111111101000
01011010101111011110111110011111
00001000111000000001110110010011
10000111000101101000101111011010
11101000001100011111110001111111
10101110001001001100000110110011
11011101100111111110011101111101
01001001101010101100010101110001
00011111111111000000101011001011
10001111001000110111111110010101
01000110110001110111100101000011
00000011011000000111000001001001
11001011100100111100010010111011
10011001010111111010110000011001
11111111110100000110111011101010
01011011011111111111101011100111
10110110000100010010110100001000
00100111101100001000110000010101
11011010100110100111001110111010
10001000001101000110010100111011
11001101010011010111000011101111
10110011111101000010000011000010
00111000010001100001011110101100
00010000111110011011110110001011
10011111001010110000001111111011
11101011001011011100100000001010
00001100011000110110000111100110
10011010000101001010001000111110
00010011010010001101010001101110
00110111000011110100111010110001
01111000100010001111010110011100
00011011101011010110010111001001
10111011100000111001111001011010
10011100100010101001011100000010
11001111110001010000111000001100
00111011000111110001000011000000
01000101010011011110010011101010
10101000011010000001001011000111
10100101010111010000101010001011
00111110001111001101010100000011
10100010001011100000010100011100
11100110101111110110101000100001
11011000001101011000111010111101
10010000001110000100000001010010
00001011001110100100000100000011
00110100111111001100110111000110
11001011101001110011000001011111
11101000111101101010100010101111
00010101000101100010010110101000
10101110000100100111010000111110
01110001100011010011011001010100
11110100011100000101101010011100
00011111011100001000001001100000
10101001100011100011001110111011
00010000101111010011010001001100
01000001001100011110101000000111
01011010000101001110000010001111
10010001111101100011110011011011
11011001101001110010111000000010
01101000110100101100010111110111
01101010111110001111101110011011
11011011000001111010101101101111
01110000110011010100000101010111
01110100100010110110001001000010
11111011100110011110010111011101
11010100100101100011000100010100
00001000111100111011100011000011
11010111011001011001101010101011
00101000000000011000010011100010
00011100101111111111110111101100
10011101100001000100001100011101
11101011110111111100000000000111
01101011010010111100010010110011
01000000000010000011110100101001
10011111101000100010110001100010
01010101110010001011100100000011
00110111001000110000101001100110
00000000001000111100110111010101
11001100101101001110010101101000
10011110110011010110001101100110
00100100100011011000010001000110
11100101111100001100110001001000
11010011011111001010001001101000
11101001101011010110001011101011
00001111010011010101111001110101
11111100111101110100001001110000
11100101011000100001000101101110
01000011011010111111001101001010
00010010101011100001100111110001
11001000111101101011001100001011
01111101000010001110000001001011
01101101100101110001101010110010
10110110111000101101100101100010
11111011011100010010111001011111
00001011010000100010000100100100
10001000111011100010101111001110
01001011111010100100001101011011
00101101101100011101000000100101
01101000011101110011000000001001
10101000001000000010100101010111
00110101101100110110010001000011
01110000010001001100011101011011
10101110100101010011100010101101
00101100000000000001101101100101
00000110011110000011000011110101
01011001101100101000110011110011
00110001101011111110011100010110
11101011000111101110100110000011
11001011100001000000101101101000
01000011101101011011010001000011
10100101011101010001001000000101
01010111111000101110000010000001
11101010011001110110101101001101
01010101111001100110110110100110
01000101110001101111010111110101
10010101100011110011101001001111
00110001010100010010100101001011
10001100000101110000000010001110
11010101001011011010011101100100
01011000011010000111101111110100
10111100101001100001101100000001
01010000001100000001101001001100
11000001101000001110001001110111
00000011100000101111011110100001
00001110000110110110101010110011
01011101100110000001100000100001
00101001100100010000010100001000
10111011101000010010100000100000
11110011101110100101000101100100
01011101111010100011010011110010
00100011100000000111010001001011
11100100100111100101111101110000
01110100010101111001110110110001
00110111000110110110100101010100
01000001100101010010000001000001
01100100110101001101110011111101
01101100001000001110010101111110
01110100010111110111001011100001
01011010101101101011001110001101
00010011111001111110011000010001
00001000000011101110001100001101
01011010100100110111110101010000
11110110001001111101100001101100
10111100010001010111000010100010
00110101111101011000110000100101
10000001010011110011110001000100
00100101110110011100001001001100
10111011000100010011001101000001
00101000000100001101101101011010
10000110111011100101011110001100
01101011010011001101101010001101
01000011011111110000100000111101
10111100101010010100010111100000
10010100000011101111101010100101
00111101001010101000001101001001
10011110110101001111001000100101
01110001000000110110000000110110
10010100101101100001111001010110
01000100011101011110100010001100
10011110010111010111010001010000
10011101000001000101011110001000
11100100001010111010001001010001
11001111100110000101110011111100
11010111111001110000111010100101
10010100101111001101110000010101
10011111001001110011100011010101
10111101010001000001011111011110
00110100000111101101100011011001
11111101010111100011011000100111
10101111011101101111111110001011
11000100011110110111000010110011
00001110100001001010010010101000
11110010010111000000111000110111
10101011011010001011001100110100
11101010001100101100010101100110
01000100001101010100000101001011
00101001011100100000111000111001
00101111010001000100111101000110
01100010101111001000010111110011
11101010000010000110100110101000
11111011100100100000101111111011
10100001111010000100101001101001
10111101100101100000001011001001
01111010001101010100010100111101
11011010011100101110100101100110
11011111010000111011000011010111
11000011000110110010000000010110
11100111111010010000000110101110
10010011010110000100001110011010
11011110001001001010100110100110
10100001111101110101010111000010
10111100101011011100000000001011
11100001011010100000101100011101
10010010110001101110100000010001
10101111010011001001010100000001
10000011101010001001110110111001
01110011101010110010110101010001
10010010010110001000011111011001
11111111100011101010010000000110
00000111101001111100011111111010
01010011100011110110100010111000
01000111111100100000101001000000
01111100011111010000100010111011
00100011010011011111010110111100
00000000110000110010101110111100
11010100010110011100000001011010
00011000100110001101010001100101
11101011001011001110101000011111
01001111111010111010001100010001
11001010111111111101000000011111
10100110110001010101110001010001
01011110111010111101011001110010
11010111111001001100110011110101
11100000110001000110001110011010
01100001000010010011110011101100
00011000010111101111111000110001
01101101101111100010110010011111
00101000100101000110111010111010
00111111101011100011001000100100
11000000110101000111001100100001
01001001000000000010010110101100
01000101111110011110111000110010
00010101100010001110001111111100
01101011110101000010111011100001
10111110010010100100000110000101
01101000111000101110011110011000
00110111110001101010000000010111
00011001100111011011011010010100
11011101110010100010000101010011
01110011110111111110100111111100
01110101110111000101100010110001
10101110101101110010110011110010
01000111000011111100100111110101
01101001011101010000101001000100
00111011100010101111000110010011
00010101011101011111100001101100
10101101010010010101001111001011
00111000111110001011000100011101
01111101110100001001001011111000
10011010010111001001100100111101
01111001011010000100001000001001
00110111011110011111010000111101
10010011010111001000101101110100
00110001001110011001001101100101
10101100111001111111101110111101
00000000101101000110101000001110
10101110011100010100010100101010
01001000001100111110111001011011
11001111000010111110011011101100
00101111000101010101110000111001
10111011111010101000100001010111
10111001100101100010011100101010
10000010111110010000110011110001
01110001110111101100110001000111
10110011110001111001100101101100
01000110111011111010010011100110
10100010111001111101001011111011
01111100010101010100011111110010
11010111010110111001001111000110
01000010100100001101100111110001
00011000101100110110100000110100
10100100000100110101001000001001
11010111010111111110011110000111
10111110100101110101100110000010
00010001110111111101011001011100
10100000100101110100101001110010
10110110000111110100000110001011
00110010011011001111100001101011
10000000010100100111100010101111
11011000010010011100000110011001
11101101111011100011111100011001
10111101101010000101010000011010
11100111100110111001000110100110
11010010010011011111010110010010
00110001110000110110001100100011
11001000101100000110100110010110
11001001000111011001100101101101
11110011100110111011000100001111
11111110110011000100001010010110
10111101010010110011011101111110
01001111111110111011011001111000
10101011000000111110100100100001
11111101111101111001110000011000
10111001110101111010010001110000
10100001100000110001001001001001
10111101111111001100111100010000
00101110101010010011011100100101
11111101100101001001111001001110
11101101110000100000100100100100
10110100010111011001001001001000
10001001010011010010101111101111
11101100100000110001111101100010
00101011111100010100000011000101
01011011011111100100001001011010
10010011101000101110001011100100
01001001011111010100101111111101
11000001100110010011100010000111
11011001100010110100001111000000
11000111110100001000010010010010
01000101010001000000110100101011
01010000000000000100000101111111
11111000011010111011010010011010
01010001000110001011000111110010
00111010001100010111100100011111
01000101010011110000100101001011
01010000001010010100101011001001
11101110000000000000001001111010
00010001010000000111010010001001
01110011111110010110010001110100
10101111111110111011011011101001
01001100111001010001100110111000
01010011101000000110100111100101
11010010011101110111110110101100
11010101010010011110111000101111
10101011011111010000011110110100
01111100100001011100010010011011
11010001111010110101101111101011
01110111001010000010000010110110
01001000011001011000000111000110
00001001011001001101010100100111
10100010111001100010010010001101
10010110011110100000001000111111
00101100101111100101100011110001
01110110001000011010001001111101
11111010101011001100011110100001
11001000000000100101010001001100
00000011100001100111100100101001
00010100110010101000101110000111
10110100011100111100011000010011
00101100000100110010110001101111
01000011010001011110111101101100
00110111001010011001010011000011
01100100110110101010110110000010
00110101000011000100010110010100
00111000111000011010011101001000
01100100010100001000010111011011
00001110000101011011010010100110
00101101011001100111000100011011
10010101011011011100010110000110
01000000011110001010110011101010
11001111100101110001011001001000
01001101101101011101000111010110
00010110001110100101011111000010
01101000100111100000100110111110
01111101001000011000111100100000
01001010111110110101101010000111
00110000010110110000001010001110
01100111111111001000010101111100
11001111000111101001001110000001
00000111110001100110101101100101
00110110101001011101011000001000
01100111111110001111011110000011
11100110110100111010000010001001
11100001011100110101110111101101
10110010010100100001010010110011
00111011010010010100111000011101
10011011000110110110010001101011
11011110010010000011011000101010
11111000001010000011000110001000
01100011111101010010011001110010
00111110111001011111000010100110
11001011100010010110010011101111
00111011011001001001111000101111
00100111000110111011111001011111
01010001111110110101101101011101
01001100000010010000100010101000
01111110010111000110011011100100
11001001110001001000110010000000
11001000000110111101110011010101
00111100000000110101000110001111
11110100010010011010010101110100
00000001011011000001011011101010
00110101010011010111011000010110
00101001011011000001011010111011
10001100100000110111101111101110
10111111011001110101000001000010
00100110001000010110100110101100
10001110001110010100101011110110
00011110010010001100111000111111
01101000011000111001010001011010
00001110000011000001000111011111
01001001110111101011001111001001
10011110101000001110010111011011
11110000010111111000000010111100
11010000001111111010011100010000
10001101000111101001100011100101
01111110101001000110011111011100
10011101010001010100000100100000
01001010001010100111101110110010
01110110100001100011100111001100
11111111110101110010111101111001
01011100100100101010111111111100
00010001100100011101000000111100
11011010100110100101000110100111
00010100000000110001101001011100
01001100010001110110100100110001
10110110111011101000100010011100
00111011110010100000100111111100
01111000110011110101100011011100
01001011011010000110101000001100
00111001011111010111111010100100
01111101000001100011000000100011
10101111101111100010111001010100
10011011010110111111110101101010
01110111011100011001101000110111
00001001110101101111100000100011
01011110001011101101010000011011
11010010101110110100101101001000
00000011111110101101111011101101
00011000111011000010111110100101
00100000110011101000110011001001
10100010011111000001100001100000
01101111011110100001000111010001
00101111101000001111100110100110
01011111111101010010101010100101
00100101011010101111101001010010
01110111100000111010010110110110
11101000010000101000011101010100
00100000110111111011010000101001
01101111110101110111110011110101
10011010001000101101000111001101
10011011100011101000000000001010
11001111100101111110101000010101
11101100000010111001000110000101
11111001111000000110100011001111
00001101000000101101010001100001
10000100101101110001100101011011
00010011101011101011110010011010
01010101101110101101111011010100
10000111110111111010001101001001
11010010000101010110100110001100
11111111100101000101100000100100
01100101100110111100100011011101
10101110011011101010101010111111
11110111000110111010001011011000
10011011111010110101111000110010
01111101011011111000111000001011
01010001111110101101001110011100
10010111111100010110110101111100
10011101101111101111110010000101
10111101101000011010001111111100
10001101000001010011100101011111
10101010111000011001011010011010
11000101000101110001111000010110
00100000110011000100000101010000
11110011010111111000101110001010
10011111100101100101111000010111
01101000110011110011011101100110
11010101001100011000010101101000
00100001001111000111111101110010
01000001110000000100001001011001
10011101001110100011100111101110
01001011010100100101111011110010
11010111110100100111101111001101
11011101101100001001110000110000
11100100110101110010011100001011
00001111100110101100001101001101
11100001000000010110010000010011
01001011101101010010100100110110
10000101101001101010100001100110
11000111111100000001001000110111
01010111000011110111111101101100
11100111101111000011100111100010
11111111001001100100011010111011
10010111101110001001011111111000
10100110000000111001101111011010
01001011001110111111010000101000
00000011100111111010000011010011
10011000101101100101101011111011
01100111010000110111100010001111
00010101110011110010101111110101
01101001110101000001110110111111
10110100000101011001000011011100
11011001000101111110110011010011
01000101011100000001101011000101
10111111111010110100100101100110
10000100100100111011001110101111
10111001110100110000110111010100
01000101111111011011111110101001
00100011001110010001110010101000
01001001001100000101001010101100
10111001111101101010010001101111
11111001110000011111110010000001
10101010110111101110111111101000
11111010110110000110101010111100
10011011001100011110010011000011
00000011000000011100001011000010
00100010010011000000000100100011
10111100111110000010100011101001
00001100001110100000101100011011
10111101100110011111100011110111
01001110100110100000010111001000
11010101000111110111111000111010
10111001011101001001001111000101
00000101100100010011100110000011
00000010101000110111110111110110
11000101010110110101101100000101
11101100010011110101101000000101
10001000111111101110110000010111
11111000010011100100101110100110
01000010001100010100011110010111
11010100011111100110001100101110
01100011010100111000110111001011
00110000001111100010100110110110
11100110111001111101010010000011
10011011111011000001000010101110
10100101100111101010010000111110
10011100110110010101010101010100
01010101010110011011010101001111
11000100110110110000010110110001
10010110011100000100011110111100
10010011110001111111011101001001
10110101000111110101011101111000
00111100100011101001100110111001
11110011001000011001001011000011
11111101011011010111010100101110
00011011011000111000100101001010
00100001001000101110101000110011
00001100011101100101011000101010
10111001011111011000100000111010
01010100101010010110000111000010
01011001001000111111101100011111
00010001111000001010001000100100
01101110010111110101100000111001
11100010001100101100101100110001
10110001100110001010110101001010
10001110001011010000111011010111
10010011110011001001000111001100
01000111011011010110111110101011
11001101001011100111100101000011
01001011111011110000100100010101
00100101110111000001001111111011
11101100110001110011110001101011
11010101011011101100011110111010
11110110100110010100101001001111
11001111111010010110111001110101
10100100101111110111100110010100
00011101001010011000010100101000
11001101001111001001111111101110
00000110110000000111111001111100
01111010110010011111110011100101
10001100010101101101110101110011
10110011000010111000010000011001
11000001000010101001100100101011
00111000110000010000101101100000
01010000010101000010110000111110
00000100000111010100000111000011
00000011001000010101000100100110
01110011001000011100110001010000
11000100000110101101010000111011
10101110100000100000011010110101
01011001100110111101001110011111
01111010111101100001101100011101
10101111001001111100100100111011
10001111101001101001111010010111
00010000100110001011101010111110
11010001001111110010110100101110
01000011101100011110000101111011
10011000001111000000011100101100
10010001010010000111000010110100
11000000101111000010110011110111
11110101001110100111111110001100
00100111001010000011010100101011
10010000001000000001101111001100
00010010000100111101000100000010
10110011001001001101010010001100
11110011110011011000010001010001
11100000011011010000010111100100
00011110010000010010111110001100
01000111011110111100111011100001
00110001001001110010110001101100
10011011011010111100111101011010
01000100011101101111101000110111
10010101011011010110100011001100
10000101111111101010111101011110
11100011110100110000001010100010
11100110000111000000110010010100
11011101011000001000000100000011
00010000101000000110100010011000
01100011111001010100010000100000
01010011001101110110010000001111
10111010010000111110111101001011
10001110101100111110110001000010
10001100101001110001011111110010
10101101011100000001100011000001
10000101001000101100100100011110
10001110100111000001111111110111
10111000111111100101111000100001
11100110110100110110111000001101
01101011010101110101101000111011
11011100110000010100001100110010
00011011000101000001001110111101
01101111000010111000100100100011
11101100000000011010111110110110
00010111000011101001001100010010
00000000010101100011000010111011
10000111000000001110101111110000
11111111000110101010100011010000
11000111101000001101101011000011
01101000111101100011001010001011
00100010111100010101011010101111
01100001111011110011101110101011
10100001110011010111001000000100
11010011100100000010011111001011
01001101011010011101001011101101
10101101111110000000000001000010
00111000100110001000101100110111
01100101101110111011001001110011
00000100100001111000001001011011
01011011001000111110101000111001
00111011100000100011000111011001
10011100000110001100100111001110
00110111000010000011110110000001
10000000011111101111100110111010
00101101101001001100101110000111
11100000000010011100101111100100
11110110100100000010001111010000
01000000010100000011101110010110
00100000110100111110001100110100
10000111110011011101101010011110
11000100100101100011101101011011
10111100110010000110010000001111
00111011000001111010001011000011
00001111111000111000100011101111
00000111010001000010110100100100
10001111111111010100010000100100
01111011000001000111101010011010
01111100101011110000010100011000
00110011000010101000001100001101
11000111111101111010110010010000
10101110100111101100100101110100
00101111000001111011111100011110
01001110110111010000000000111111
00010100000101000100111111011111
10111011010001000000001111001001
11000110000011110110000111101100
10101110010100000100000101101001
10001110100110000001110000101011
00110011101001101101101110011001
00100010111101010110101111110111
01011000001101101111110110001111
01110111110100010110010110100101
10110000000100111010100010110010
11111011010100011001011000011010
01011110101101101101001011111000
01111010001010100001000010010111
11100011110010100011101101100011
11111000110100110010011111110000
11100011111010101110110110000101
10011100101110111100000010101000
11011011011101100001000100101100
00000010010011001110111011101101
11100011111111101100010111100001
11111100010110100101010111010101
11011101000100111100011110001101
10110101011000101110110101110001
01111011010110000011100010001110
10010010110110111101110011011111
10100001000000101111110111010100
10101110010010000101110111100111
00001110101100011001101001011011
11001100111001011101100001000101
10011011111101011000101000110001
00110111100101111000000100110100
00010010111010000011011100010001
00000000100001101000110011010100
11010101001100100011110010011011
00110100100011110001010010100111
01011011100100110100011100100000
00011000111011010011011110010011
10010000111001111101011100001011
10111011011111101001100111010010
10000001100001101100001101000011
01010011110110000001000011101111
01111010111111001010111111000000
00110010111101000000111100110010
01101110011110011001011011100111
11000011111111111100110101000001
11011010001011110110011111110111
10111100001011010111010001011010
10110111011110011010111001010110
10111010001111100001101100000100
11010110110100001011000010101111
11110100101011011100000001110111
10100101001110110110100101110001
01011111010000101010101100111000
11111101111001001110101001101011
10010100001111010010011111000010
11101100010010011100110000001101
01011000010101000011011111010110
11000111100001010100010001000001
10101010111010000000011011000101
00110100011001001111110110100110
10111100100001101110101111001100
10100110101111100101110011010110
11011001010111010010110011011010
00101000010001000110001000000111
11011111101110010000100011001001
00100011111101011001010010001001
11100111111001010001010101100001
00101000100011001111001100001111
01110011011110111010011100011101
11110001100101000001100110100000
10100010001100011011000110101001
11011001110000100010000001110000
01111110000001011111011100001011
00011001101110011100011001001110
00100011101010100100011011000001
01100111101000111101001100000111
11010000100000010001001110000010
10011001100011011110101010001111
00100001001100010011111000101001
11010101100101101000111100010100
11000100011111100111101100110010
11101111000010101101110000011001
10011100100111000001011011100100
00001011001001111111010001001100
10001100100100010101110111101000
11010100001010001110000000000001
01001101010000000011110110111101
01010111110011001011100100101101
01011000110010111011001101111111
10111011100000000000110100001011
00010001110010011011010010111111
11001100110000011011100000010110
01100001010100100100001011100101
11111111111101110110001111010000
11101001010110011100011111110000
01001111011101101000101100101011
01110000000011100001010100011111
00110111011010110001100101100110
11000010010001001111010010110001
11110011011111111001000011001100
00001111001111000110101110101110
10000001110011111001110110011001
00110111110000110100111010110101
00010010011110011110101100111000
10010110101111110000011010100011
11010001001111000111001010000011
10000110100011111011100101100000
01101000111000000000111000110011
01001101001010010001000001110111
00001001101110001101110101100110
10010100100100101101000000101100
00111011000111110010110101110011
10000111001000100101111100011011
00010111010110001110100110100100
11000010000011011110010010101101
10110011101001011001100111110010
11010100110110010011011100110110
10111100001110110010011001000001
10111101111001010101111010110101
10010011000000001000000111111100
01111110010111110100010100100011
10110010101000100100011111100101
10101110000001101101001101011101
01010010101111010011000000100110
01100011011001001111110010000001
10101000010010110111001000101110
10011011000000001000001010010011
11101101111011001101100100110101
10000011111011010111110100110011
01100000101101010100100110010001
11000011001010011001110110000111
00110101000100011010101011110010
10111000100000110001011001001001
10111010100000011011000111110101
01011000000101001011110110001100
00000110101010010100001101101100
11010010100000001011101001101101
11001110101110100101100111111010
10001110001011111010110111010110
01000110010100111001011101011101
01100000010110001101001110110011
01110110110100101101110001001010
00100010101101101101000110110111
10100111010010000111001101011010
00101101101000110011000000000100
00001111001111001101110010010100
00100111101000001000110111101011
01101011110110000111010010101010
01100010001000000000011010100011
11011000000011001001110111100011
00101000001111111001010010001110
00100101101011001111011111000101
10010000011100011010100101010100
11101000011011000001000011101001
00011101100010111010010000100000
11111111110001111110010010110011
10000111101001101001011010000001
01101110001000110010010000110111
11011000100110011100000010100011
01110010110111011010011001010011
01011000100100101110111011011100
01001010000001111100010110111001
11111100100011001110001100110101
00111110010110110000000010101110
00010110111100111001010001001100
11001100101110110000110100110110
11011100111010001010011011100011
11001010110100010111111010110100
01100110000100000110011010111001
11011101111011110101111000001110
10101000000000000001110000010101
01111000110110100111110100001110
01100100011011011111111001000100
01100011011111001011101011010101
10001100010010100111110000011101
00101000011110111100000011010111
11010100101111010011111011011011
01011111100010111011011100011101
01011010001011111100110011010111
11101100011001001110101001000010
00000010000011000110001110110000
01111100000001100010110011010101
11001100011001001011101011010100
01000110011111101001001110111111
01011001110011000111101000010100
00010101001000010000110000000100
11011110111001110101101111110001
10111101101110111111101001000100
11110000010011100100110001010101
00001110111001100111011000110100
01010101000000111111110000010010
11011010010111111110110001100100
00000001101100101110101101010011
11101111011011111110111010110011
01110011100100111000101000011010
10010011111101111100010100010010
10000001100010111011110000100101
01000000011011110100001011111111
00010000100011000011100100111101
01101101101000110101101010101100
00001110111010000111011011011001
01000111000100111001101100010100
00010110101110100110010001010110
00110000001011000110100010111101
01000000100100111011101111101011
01100100011011011101010111011100
10011010000100000011110010101101
01011011100100110101110101111010
11011011001110010010110110101110
11100000111000110001011010011110
11001100111010110111011001000011
11111100100011010011000011110100
00110010110000111000100001101111
11110011111110110011101110101000
11001101010000110011000100010010
11010100101101011110110111000001
01100111011011011001101000111100
01110110101101110010001001000111
10001000001010010011000000100101
10001010100010110110100110110111
01010010000101100001101001010110
01000110001100000000000111000010
00010111111010101000010001111110
10111010000010001011101001111101
10111000110010100010000101010001
